   image:     PRI      VOI      GcE      BDE      time
  100075:  0.792142   2.582941   0.378902   10.158187
  100080:  0.762450   1.833865   0.253318   12.701167
  100098:  0.646504   2.368310   0.196309   11.468822
  101085:  0.855625   4.331834   0.640538   5.886036
  101087:  0.923191   2.531443   0.340751   5.709653
  102061:  0.810173   2.096897   0.281382   14.465521
  103041:  0.767884   2.826839   0.437991   10.727127
  103070:  0.667521   3.606672   0.467570   9.446337
  104022:  0.757242   4.379052   0.475243   19.748510
  105019:  0.737103   1.087010   0.069667   28.001516
  105025:  0.729699   3.303736   0.559555   15.769962
  105053:  0.506891   2.659229   0.281232   21.456776
  106020:  0.773022   2.911068   0.358509   21.542189
  106024:  0.697880   2.587015   0.309808   21.358011
  106025:  0.851093   1.176109   0.121113   8.165063
  108005:  0.685264   3.035759   0.454727   11.031319
  108041:  0.620598   3.212246   0.521793   20.122343
  108070:  0.535923   2.724031   0.411767   31.427103
  108073:  0.562385   2.471134   0.321494   11.118929
  108082:  0.624690   2.489496   0.436327   14.533177
  109034:  0.674644   3.371349   0.574321   22.907772
  109053:  0.661721   3.450254   0.541331   13.609113
  112082:  0.751403   2.454745   0.343042   9.531044
  113009:  0.843575   2.574180   0.306813   11.716476
  113016:  0.749407   1.660293   0.194982   9.504909
  113044:  0.787192   1.688489   0.254982   10.970173
  117054:  0.711452   3.099887   0.413454   9.031348
  118020:  0.876076   2.468471   0.361725   6.411089
  118035:  0.858882   1.861203   0.212034   10.743645
  119082:  0.873906   3.791726   0.533963   8.170292
   12003:  0.711074   2.529839   0.350014   8.804530
   12074:  0.659773   1.800004   0.213833   15.228594
   12084:  0.539672   2.416021   0.405629   22.195850
  122048:  0.726827   2.980223   0.442989   14.600317
  123074:  0.699394   3.973387   0.676251   19.190348
  124084:  0.735922   2.552140   0.349988   6.246243
  126007:  0.907700   1.877107   0.287870   8.694953
  126039:  0.795413   2.987604   0.326213   10.922476
  130026:  0.496810   1.740249   0.318593   34.758430
  130034:  0.622707   1.358820   0.248208   27.097973
  134008:  0.752501   0.994042   0.170453   19.590225
  134035:  0.544604   3.077991   0.418458   19.260681
  134052:  0.726221   1.660575   0.196410   13.309015
  135037:  0.641807   1.504321   0.159433   17.625872
  135069:  0.890730   0.482200   0.027312   41.681450
  138032:  0.518137   3.069556   0.334289   32.256870
  138078:  0.885824   1.459640   0.142679   18.561548
  140055:  0.779138   3.055928   0.462077   14.986044
  140075:  0.837348   2.557250   0.331811   9.417784
   14037:  0.835850   1.869398   0.300974   14.758806
  143090:  0.787925   2.456844   0.351442   12.723439
  144067:  0.851565   2.458116   0.384004   11.858743
  145014:  0.820297   2.933923   0.413305   9.328443
  145053:  0.842395   3.792095   0.556154   9.780118
  145086:  0.898417   1.795676   0.171615   10.276693
  147021:  0.880311   1.178088   0.141006   17.478115
  147062:  0.762553   2.539012   0.324218   13.931020
  147091:  0.740903   2.164922   0.145506   11.264966
  148026:  0.745729   2.917382   0.436678   17.317520
  148089:  0.735043   3.772945   0.553283   10.437485
   15004:  0.837191   4.676121   0.667305   8.881684
   15088:  0.436666   2.393425   0.057567   39.960304
  151087:  0.882857   2.125599   0.182540   8.544538
  153077:  0.800484   3.761600   0.550060   7.365149
  153093:  0.781859   4.098527   0.468571   8.392302
  155060:  0.824378   2.530641   0.385850   12.504806
  156065:  0.637989   2.732174   0.319011   22.421757
  156079:  0.789498   2.366000   0.285801   7.441064
  157036:  0.706736   2.765003   0.442778   20.274303
  157055:  0.850144   3.057790   0.352668   6.938880
  159008:  0.554794   2.860091   0.226907   20.744310
  159029:  0.765626   3.735187   0.603124   12.539006
  159045:  0.775686   4.268088   0.579752   6.920146
  159091:  0.587488   2.389172   0.216447   23.451508
  160068:  0.801668   2.680608   0.446080   9.015338
   16052:  0.529605   1.864546   0.263842   32.641750
   16077:  0.780639   3.449601   0.417894   11.742380
  161062:  0.710935   2.278215   0.227874   21.431751
  163014:  0.820304   2.239358   0.341566   4.794961
  163062:  0.774647   2.186274   0.380596   9.303490
  163085:  0.643203   2.254758   0.297853   19.678091
  164074:  0.753847   2.672858   0.423277   16.368269
  166081:  0.837345   2.760255   0.397880   9.867542
  167062:  0.931616   0.408258   0.014351   31.851965
  167083:  0.785871   1.557073   0.243414   16.233927
  169012:  0.855315   4.088343   0.612295   8.659031
  170054:  0.767441   3.418824   0.409877   9.099082
  170057:  0.837889   4.381870   0.468439   10.848203
  172032:  0.927010   1.355737   0.152211   7.096931
  173036:  0.744580   2.965878   0.491805   17.256611
  175032:  0.620802   3.675318   0.560053   13.422657
  175043:  0.566021   1.955521   0.168076   27.835167
  176019:  0.757634   3.598371   0.491493   12.608438
  176035:  0.862898   1.996173   0.263520   10.061877
  176039:  0.879646   0.790902   0.097730   13.737381
  178054:  0.718681   1.662879   0.281926   45.486305
  181018:  0.809555   2.866998   0.479172   10.255626
  181079:  0.749988   2.803269   0.231237   11.333179
  181091:  0.850886   2.813724   0.373314   12.732362
  182053:  0.898623   2.315520   0.338386   10.585838
  183055:  0.797155   1.775111   0.244283   10.031252
  183087:  0.680005   2.045367   0.310987   24.108641
  187003:  0.716814   3.324913   0.555357   12.283110
  187029:  0.832831   2.769934   0.402873   10.827791
  187039:  0.773646   2.381755   0.198569   20.474920
  187071:  0.824349   2.287580   0.363299   15.874013
  187083:  0.567048   2.613051   0.448645   22.877260
  188005:  0.903717   2.202962   0.303438   12.126815
  188063:  0.749660   2.054480   0.198017   13.109522
  188091:  0.798212   1.112259   0.151737   30.772028
  189003:  0.637057   3.860735   0.558535   20.481028
  189011:  0.783062   2.690044   0.370829   10.891024
  189080:  0.832180   1.499651   0.233152   9.412660
   19021:  0.843783   3.493258   0.526847   9.647471
  196015:  0.738330   4.466101   0.526951   11.959621
  196073:  0.968377   0.197762   0.027168   18.239914
  197017:  0.830488   1.957601   0.199879   10.996363
  198004:  0.825800   2.635432   0.404359   5.825755
  198023:  0.913811   1.309050   0.145753   4.115959
  198054:  0.802487   2.246427   0.158175   13.759692
   20008:  0.843414   1.806720   0.215545   8.779191
  202012:  0.731216   4.111994   0.486039   11.592950
  207056:  0.801997   1.087967   0.138892   19.829372
  208001:  0.796493   4.465878   0.567800   8.896764
  209070:  0.743159   4.982705   0.636349   8.004303
    2092:  0.919835   1.172903   0.194389   9.079063
  210088:  0.542626   2.088192   0.197882   32.874775
   21077:  0.751297   2.541445   0.322284   8.542817
  216041:  0.835332   1.819207   0.163174   24.885178
  216053:  0.900839   1.474640   0.162588   15.866864
  216066:  0.824594   1.240816   0.110792   24.648365
  216081:  0.896078   4.031592   0.455998   5.636305
  219090:  0.805687   2.186176   0.315931   6.315208
  220075:  0.784491   3.763260   0.484389   12.465662
   22013:  0.683686   2.773152   0.434318   16.374235
   22090:  0.927751   2.308411   0.338311   4.178359
   22093:  0.866218   2.638901   0.275634   11.169811
  223061:  0.691436   2.404965   0.296834   15.628296
  225017:  0.803425   2.321417   0.346014   21.039616
  227040:  0.789265   1.750286   0.194005   14.956255
  227046:  0.772028   2.822919   0.344499   10.481604
  227092:  0.881291   1.479381   0.148984   8.055127
  229036:  0.754276   2.272385   0.310457   14.854514
   23025:  0.858141   2.493507   0.368954   9.763242
   23080:  0.862603   3.611960   0.444842   9.794212
   23084:  0.658206   3.109151   0.507957   10.908691
  231015:  0.827953   3.632660   0.449844   9.729300
  232038:  0.910980   2.386066   0.303879   6.436197
  236017:  0.609790   3.765591   0.526711   12.090276
  236037:  0.566470   3.308426   0.500081   16.441442
  238011:  0.895121   0.827721   0.091131   2.322371
  239007:  0.916397   2.987832   0.423552   5.437794
  239096:  0.806118   4.384719   0.574199   8.803084
   24004:  0.761980   2.399564   0.316364   16.032942
   24063:  0.841884   1.626280   0.156167   8.351184
   24077:  0.871766   3.838338   0.572499   7.133827
  241004:  0.853402   2.026019   0.220185   13.059174
  241048:  0.833656   2.887086   0.422611   7.612645
  242078:  0.754223   4.044896   0.520637   6.974031
  245051:  0.910613   2.476546   0.298438   6.361814
  246016:  0.865400   2.501110   0.378607   6.561156
  246053:  0.783360   3.361968   0.485745   13.986639
  247085:  0.814022   2.110213   0.297256   9.057487
  249061:  0.921491   1.335720   0.179883   7.272681
  249087:  0.741304   3.092454   0.421403   15.253772
   25098:  0.866273   3.744989   0.495872   11.094925
  253027:  0.603141   2.995126   0.255241   8.776347
  253036:  0.903854   0.704299   0.060394   9.700755
  253055:  0.758885   1.518281   0.083461   14.003650
  254033:  0.640508   2.763049   0.457515   16.388882
  254054:  0.772119   2.332801   0.364979   12.867107
  260058:  0.843915   1.457838   0.189364   32.543762
  260081:  0.773876   3.033602   0.488012   10.367099
   26031:  0.518680   2.149458   0.239556   21.732834
  268002:  0.567067   2.516931   0.161079   16.981945
   27059:  0.887705   3.245109   0.467244   8.069345
  271008:  0.744574   3.783862   0.469098   9.867867
  271031:  0.878356   0.704470   0.061138   13.582008
  271035:  0.785512   3.961862   0.525991   7.496526
  274007:  0.781415   3.969454   0.526389   11.170364
  277095:  0.833128   2.347831   0.285156   6.233363
   28075:  0.705533   1.478344   0.198039   17.247787
   28096:  0.797458   0.594034   0.025739   66.948761
  285036:  0.828317   3.926871   0.497980   9.448402
  285079:  0.738323   4.696840   0.530557   15.216690
  286092:  0.929297   2.282237   0.329026   7.064535
  291000:  0.672849   2.330414   0.368867   22.562866
  292066:  0.711962   3.258435   0.371957   17.742846
  293029:  0.724098   3.241216   0.337965   16.937754
  295087:  0.832287   2.131190   0.350710   5.964294
  296007:  0.890059   1.759456   0.254420   10.832346
  296059:  0.835208   2.749962   0.419963   7.443586
  299086:  0.752672   2.613383   0.299484   10.539755
  299091:  0.725678   1.638759   0.195976   27.323978
  300091:  0.574052   1.804117   0.083627   50.433208
  301007:  0.854523   3.123782   0.499034   9.647562
  302003:  0.872744   3.649299   0.440389   4.792482
  302008:  0.811201   2.803465   0.438558   5.385855
  304034:  0.690262   1.500716   0.210281   24.708652
  304074:  0.801750   3.624498   0.527987   16.385750
  306005:  0.728037   2.685814   0.395996   15.825979
  309004:  0.665710   3.091026   0.471065   15.081296
    3096:  0.829111   0.705856   0.065471   13.355731
  310007:  0.842296   1.356293   0.083720   7.132561
  311068:  0.703705   1.376325   0.172555   20.943483
  311081:  0.543641   3.122795   0.445289   31.918015
  314016:  0.455547   2.707367   0.176202   19.173347
  317080:  0.740767   1.593629   0.104293   10.145117
  323016:  0.832091   2.458097   0.286705   6.417559
  326038:  0.639933   2.159088   0.344200   19.637960
   33039:  0.675527   4.499987   0.681769   27.717340
   33066:  0.837782   2.742449   0.414487   7.407737
   35008:  0.622645   3.578926   0.407282   12.370790
   35010:  0.848819   4.099918   0.524460   6.258072
   35058:  0.686828   3.289926   0.521960   10.530552
   35070:  0.578069   2.373912   0.147550   18.236744
   35091:  0.627172   4.105749   0.467321   12.245688
  351093:  0.852462   2.564088   0.379174   10.585765
  353013:  0.779674   2.210187   0.377582   11.482328
  361010:  0.798528   3.277130   0.320174   7.247351
  361084:  0.891184   3.053925   0.347637   5.986940
  365025:  0.833654   2.675803   0.305001   10.402134
  365073:  0.816558   4.283780   0.579408   9.157329
  368016:  0.704309   3.218097   0.217526   19.640934
  368078:  0.809489   2.633172   0.386776   8.829335
  370036:  0.727246   4.322927   0.378263   6.039072
   37073:  0.687529   3.107401   0.234971   7.573807
  372047:  0.816647   4.052759   0.579330   5.985893
  374020:  0.720548   2.101703   0.157817   12.903008
  374067:  0.825642   2.094993   0.319747   15.007977
  376001:  0.939461   5.242360   0.687581   4.948701
  376020:  0.824947   2.576878   0.419656   13.660897
  376043:  0.818983   2.352457   0.249054   14.138194
   38082:  0.651514   3.295787   0.479986   14.805626
   38092:  0.821963   3.492542   0.344559   9.345284
  385028:  0.852720   2.615277   0.378478   8.833830
  385039:  0.865390   2.445594   0.303797   8.292084
  388016:  0.734119   3.627866   0.348805   10.491811
   41004:  0.882304   1.123129   0.154266   14.191333
   41025:  0.516603   2.415673   0.288044   22.210369
   41033:  0.804712   2.716442   0.479774   12.294256
   41069:  0.688013   2.023261   0.212606   18.614693
   42012:  0.845773   4.373969   0.647842   7.880426
   42044:  0.800914   2.399146   0.359756   7.868179
   42049:  0.918794   1.895809   0.250794   4.729243
   42078:  0.773800   1.915823   0.273550   11.916657
   43070:  0.290582   3.385646   0.131658   26.300388
   43074:  0.794786   1.422489   0.239053   23.214951
   43083:  0.600529   2.537586   0.378022   17.741131
   45077:  0.802175   2.205543   0.240383   19.531616
   45096:  0.612130   2.455738   0.215260   16.030689
   46076:  0.883373   1.514606   0.274658   10.834834
   48055:  0.861791   1.602992   0.193208   11.007549
   54005:  0.438506   3.644535   0.338476   22.924788
   54082:  0.779390   3.302105   0.529825   8.223009
   55067:  0.868533   1.244263   0.095987   10.749568
   55073:  0.758184   4.145919   0.603999   13.763941
   55075:  0.915653   2.508807   0.314297   8.773808
   56028:  0.655710   3.540407   0.389697   12.476130
   58060:  0.609086   2.802401   0.447115   17.693077
   59078:  0.877845   2.866681   0.443459   6.849963
   60079:  0.961966   0.339681   0.030244   15.262255
   61060:  0.776039   1.601348   0.119901   17.435345
   61086:  0.816842   2.751464   0.431026   13.853069
   62096:  0.901303   0.919322   0.103035   23.455551
   65010:  0.751776   2.955405   0.476226   11.812111
   65019:  0.918916   5.374189   0.707490   4.703070
   65033:  0.802994   4.599838   0.460792   14.493874
   65074:  0.920108   3.444579   0.503269   4.279463
   65132:  0.826180   3.616345   0.504778   11.335615
   66039:  0.674902   2.655462   0.411730   16.991388
   66053:  0.799243   2.890944   0.428654   13.135350
   66075:  0.699314   1.565752   0.150315   15.325055
   67079:  0.728365   2.475806   0.241162   7.247450
   68077:  0.796056   2.096214   0.216465   7.413473
   69015:  0.834911   3.285163   0.439217   7.330060
   69020:  0.718823   2.535298   0.424605   14.384440
   69040:  0.524352   1.854729   0.251375   42.024593
   71046:  0.853027   1.740660   0.247674   7.760745
   76002:  0.861078   3.489809   0.475497   6.475707
   76053:  0.585519   3.188613   0.379695   17.233496
   78004:  0.858181   2.707741   0.402125   8.776136
   78019:  0.884745   3.584925   0.440547   5.473636
   80099:  0.883362   0.392894   0.017057   24.068180
    8023:  0.665261   1.725973   0.176028   31.512814
    8049:  0.858936   2.237404   0.238098   5.585296
    8143:  0.754092   4.564338   0.563016   9.126442
   85048:  0.874824   3.732177   0.532840   7.026338
   86000:  0.750746   2.475624   0.357512   9.516004
   86016:  0.532074   2.433907   0.087427   14.390681
   86068:  0.458472   1.917991   0.160498   25.815649
   87046:  0.476878   2.529429   0.281448   13.629175
   87065:  0.531604   3.090766   0.529343   21.237246
   89072:  0.787047   3.946421   0.624136   10.136382
   90076:  0.792129   2.140563   0.294653   6.803637
   92059:  0.698206   2.703384   0.462960   18.285513
   94079:  0.837285   0.928861   0.132999   14.873648
   95006:  0.734645   3.075018   0.488565   18.156025
   97017:  0.866108   2.129155   0.272218   9.184911
   97033:  0.754558   2.872769   0.368241   19.429325
 Average:  0.764046   2.627695   0.342634   14.102528    23.876561
